camera_matrix:
- - 422.2851762617187
  - 0.0
  - 315.54784267798436
- - 0.0
  - 422.7406671792681
  - 233.91292860298248
- - 0.0
  - 0.0
  - 1.0
dist_coeff:
- - 0.07967131877883273
  - -0.1711262530542186
  - 0.0004991569396051072
  - 0.00047106202796140035
  - 0.07940123016896088
rvecs:
- - - -0.13669521994000572
  - - -0.1376441747065734
  - - 1.4132632116251127
- - - 0.08344765416623268
  - - 0.11699179687642457
  - - 1.490755397429257
- - - 0.4186177927492157
  - - -0.5191173773516257
  - - 1.4038756171575868
- - - -0.483644547835184
  - - 0.617697540538317
  - - 1.4224444048978069
- - - -0.21741784213278306
  - - 0.6798268898411547
  - - 2.356318356037713
- - - 0.9542826352829562
  - - 0.17377017666578706
  - - 2.8188168502711477
- - - -0.09982690375554337
  - - 0.40574489886311566
  - - 1.6439433944592117
- - - 0.2759372980576625
  - - 0.4456181082397263
  - - 1.5193544989998857
- - - -0.41084267787414114
  - - -0.06180635366073266
  - - -1.5075390761357292
- - - -0.2212429370891047
  - - 0.30459274474279197
  - - -1.542225265778428
- - - -0.14434092337178067
  - - 0.23016858027384748
  - - -1.5980074697631172
- - - 0.2451772796369186
  - - -0.04413061500893327
  - - 1.4506560363835639
- - - 0.1896492877680116
  - - -0.21101535442377134
  - - 1.3817457659037555
- - - 0.4110976493841636
  - - -0.4502282115836147
  - - 1.2624396222681087
- - - 0.48456472427789926
  - - -0.1860630619975949
  - - 2.2463853503426208
- - - -0.22927878546342162
  - - 0.4763365567804843
  - - 1.5495533686596032
- - - -0.1669641262232661
  - - 0.2679716841280299
  - - 2.2887800756622494
- - - -0.024780542312026647
  - - 0.18451240809738506
  - - 0.6095495237570885
tvecs:
- - - 3.144962001605103
  - - -1.749162317191466
  - - 22.65485704733522
- - - 8.900970672812972
  - - -1.8718633498755894
  - - 20.42759261730424
- - - 6.535313861314694
  - - -3.05217321788238
  - - 17.575877603806802
- - - 5.911646639549529
  - - -0.5526102036375982
  - - 20.08695395412671
- - - 8.091599964676416
  - - 5.810848733647515
  - - 18.49664966889826
- - - 5.403821690889707
  - - 8.306678217897328
  - - 16.915026593328495
- - - 9.334844579751163
  - - 1.2592232506154086
  - - 21.340571607316853
- - - 8.059325884937756
  - - 0.3403063368876874
  - - 19.125422456666527
- - - -1.3391280606767308
  - - 8.940889696404136
  - - 20.534903191020174
- - - 7.217912157890285
  - - 6.463842195741688
  - - 23.540356009087784
- - - 6.350979130475241
  - - 6.984738702430444
  - - 23.13884735180578
- - - 7.309068272756858
  - - -3.955717893862717
  - - 19.79729755019278
- - - 2.1659914493032555
  - - -5.9937123585544665
  - - 20.017461039067566
- - - 4.631753420658102
  - - -5.702440625163946
  - - 16.096182799114054
- - - 10.444475272175016
  - - -2.1612426421346043
  - - 18.048772611920885
- - - 4.38558477396337
  - - 4.160291484373102
  - - 22.383085312583173
- - - -2.3819695002938257
  - - 5.938534423506527
  - - 20.817204233802272
- - - -7.089108506501685
  - - -5.674588759026712
  - - 22.513947046313554
focal_length_mm: 428.5908324473458
